1 3
3 5
2 6
3 6
5 7
6 8
1 9
0 11
3 11
8 11
0 12
12 13
3 14
5 14
6 14
7 14
11 14
1 15
4 15
7 15
9 15
1 16
2 16
5 16
9 16
0 17
4 17
3 18
7 18
11 18
12 18
15 18
1 19
8 19
14 19
18 19
0 20
1 20
2 20
5 20
6 20
9 20
17 20
12 21
0 22
2 22
7 22
16 22
20 22
3 23
5 23
8 23
10 23
13 23
14 23
21 23
0 24
6 24
10 24
11 24
14 24
17 24
18 24
21 24
22 24
23 24
0 25
1 25
2 25
4 25
12 25
15 25
16 25
19 25
24 25
9 26
13 26
14 26
19 26
23 26
0 27
2 27
15 27
17 27
19 27
24 27
26 27
0 28
1 28
15 28
19 28
23 28
25 28
0 29
8 29
13 29
14 29
16 29
22 29
28 29
11 30
18 30
19 30
4 31
5 31
11 31
12 31
23 31
7 32
12 32
20 32
22 32
25 32
31 32
2 33
4 33
5 33
12 33
14 33
16 33
19 33
22 33
23 33
5 34
15 34
20 34
23 34
28 34
29 34
30 34
7 35
11 35
12 35
13 35
15 35
16 35
18 35
21 35
24 35
28 35
30 35
32 35
34 35
4 36
20 36
28 36
32 36
35 36
0 37
3 37
5 37
17 37
24 37
28 37
35 37
5 38
15 38
18 38
22 38
25 38
26 38
28 38
31 38
2 39
5 39
6 39
7 39
9 39
10 39
12 39
16 39
17 39
18 39
34 39
7 40
9 40
11 40
13 40
19 40
21 40
23 40
3 41
8 41
10 41
12 41
18 41
20 41
24 41
29 41
32 41
0 42
8 42
17 42
20 42
23 42
25 42
27 42
32 42
35 42
1 43
7 43
8 43
10 43
16 43
28 43
30 43
34 43
40 43
3 44
5 44
8 44
9 44
11 44
14 44
27 44
33 44
38 44
43 44
3 45
5 45
6 45
7 45
18 45
19 45
20 45
22 45
26 45
34 45
1 46
3 46
4 46
14 46
18 46
19 46
21 46
26 46
27 46
32 46
36 46
40 46
41 46
44 46
0 47
1 47
6 47
16 47
17 47
19 47
23 47
27 47
29 47
30 47
39 47
41 47
42 47
2 48
11 48
21 48
23 48
27 48
31 48
37 48
44 48
47 48
2 49
9 49
11 49
28 49
31 49
